920103040384
920103040385
920103040386
920103040387
920103040388
920103040389
920103040390
920103040391
920103040392
920103040393
920103040394
920103040395
920103040396
920103040397
920103040398
920103040399
920103040400
920103040401
920103040402
920103040403
920103040404
920103040405
920103040406
920103040407
920103040408
920103040409
920103040410
920103040411
920103040412
920103040413
920103040414
920103040415
920103040416
920103040417
920103040418
920103040419
920103040420
920103040421
920103040422
920103040423
920103040424
920103040425
920103040426
920103040427
920103040428
920103040429
920103040430
920103040431
920103040432
920103040433
920103040434
920103040435
920103040436
920103040437
920103040438
920103040439
920103040440
920103040441
920103040442
920103040443
920103040444
920103040445
920103040446
920103040447
920103040448
920103040449
920103040450
920103040451
920103040452
920103040453
920103040454
920103040455
920103040456
920103040457
920103040458
920103040459
920103040460
920103040461
920103040462
920103040463
920103040464
920103040465
920103040466
920103040467
920103040468
920103040469
920103040470
920103040471
920103040472
920103040473
920103040474
920103040475
920103040476
920103040477
920103040478
920103040479
920103040480
920103040481
920103040482
920103040483
920103040484
920103040485
920103040486
920103040487
920103040488
920103040489
920103040490
920103040491
920103040492
920103040493
920103040494
920103040495
920103040496
920103040497
920103040498
920103040499
920103040500
920103040501
920103040502
920103040503
920103040504
920103040505
920103040506
920103040507
920103040508
920103040509
920103040510
920103040511
920103040512
920103040513
920103040514
920103040515
920103040516
920103040517
920103040518
920103040519
920103040520
920103040521
920103040522
920103040523
920103040524
920103040525
920103040526
920103040527
920103040528
920103040529
920103040530
920103040531
920103040532
920103040533
920103040534
920103040535
920103040536
920103040537
920103040538
920103040539
920103040540
920103040541
920103040542
920103040543
920103040544
920103040545
920103040546
920103040547
920103040548
920103040549
920103040550
920103040551
920103040552
920103040553
920103040554
920103040555
920103040556
920103040557
920103040558
920103040559
920103040560
920103040561
920103040562
920103040563
920103040564
920103040565
920103040566
920103040567
920103040568
920103040569
920103040570
920103040571
920103040572
920103040573
920103040574
920103040575
920103040576
920103040577
920103040578
920103040579
920103040580
920103040581
920103040582
920103040583
920103040584
920103040585
920103040586
920103040587
920103040588
920103040589
920103040590
920103040591
920103040592
920103040593
920103040594
920103040595
920103040596
920103040597
920103040598
920103040599
920103040600
920103040601
920103040602
920103040603
920103040604
920103040605
920103040606
920103040607
920103040608
920103040609
920103040610
920103040611
920103040612
920103040613
920103040614
920103040615
920103040616
920103040617
920103040618
920103040619
920103040620
920103040621
920103040622
920103040623
920103040624
920103040625
920103040626
920103040627
920103040628
920103040629
920103040630
920103040631
920103040632
920103040633
920103040634
920103040635
920103040636
920103040637
920103040638
920103040639
920103040640
920103040641
920103040642
920103040643
920103040644
920103040645
920103040646
920103040647
920103040648
920103040649
920103040650
920103040651
920103040652
920103040653
920103040654
920103040655
920103040656
920103040657
920103040658
920103040659
920103040660
920103040661
920103040662
920103040663
920103040664
920103040665
920103040666
920103040667
920103040668
920103040669
920103040670
920103040671
920103040672
920103040673
920103040674
920103040675
920103040676
920103040677
920103040678
920103040679
920103040680
920103040681
920103040682
920103040683
920103040684
920103040685
920103040686
920103040687
920103040688
920103040689
920103040690
920103040691
920103040692
920103040693
920103040694
920103040695
920103040696
920103040697
920103040698
920103040699
920103040700
920103040701
920103040702
920103040703
920103040704
920103040705
920103040706
920103040707
920103040708
920103040709
920103040710
920103040711
920103040712
920103040713
920103040714
920103040715
920103040716
920103040717
920103040718
920103040719
920103040720
920103040721
920103040722
920103040723
920103040724
920103040725
920103040726
920103040727
920103040728
920103040729
920103040730
920103040731
920103040732
920103040733
920103040734
920103040735
920103040736
920103040737
920103040738
920103040739
920103040740
920103040741
920103040742
920103040743
920103040744
920103040745
920103040746
920103040747
920103040748
920103040749
920103040750
920103040751
920103040752
920103040753
920103040754
920103040755
920103040756
920103040757
920103040758
920103040759
920103040760
920103040761
920103040762
920103040763
920103040764
920103040765
920103040766
920103040767
920103040768
920103040769
920103040770
920103040771
920103040772
920103040773
920103040774
920103040775
920103040776
920103040777
920103040778
920103040779
920103040780
920103040781
920103040782
920103040783
920103040784
920103040785
920103040786
920103040787
920103040788
920103040789
920103040790
920103040791
920103040792
920103040793
920103040794
920103040795
920103040796
920103040797
920103040798
920103040799
920103040800
920103040801
920103040802
920103040803
920103040804
920103040805
920103040806
920103040807
920103040808
920103040809
920103040810
920103040811
920103040812
920103040813
920103040814
920103040815
920103040816
920103040817
920103040818
920103040819
920103040820
920103040821
920103040822
920103040823
920103040824
920103040825
920103040826
920103040827
920103040828
920103040829
920103040830
920103040831
920103040832
920103040833
920103040834
920103040835
920103040836
920103040837
920103040838
920103040839
920103040840
920103040841
920103040842
920103040843
920103040844
920103040845
920103040846
920103040847
920103040848
920103040849
920103040850
920103040851
920103040852
920103040853
920103040854
920103040855
920103040856
920103040857
920103040858
920103040859
920103040860
920103040861
920103040862
920103040863
920103040864
920103040865
920103040866
920103040867
920103040868
920103040869
920103040870
920103040871
920103040872
920103040873
920103040874
920103040875
920103040876
920103040877
920103040878
920103040879
920103040880
920103040881
920103040882
920103040883